{
 "templeR0032": [
  [
   1.0,
   0.0,
   0.0,
   0.0
  ],
  [
   0.0,
   1.0,
   0.0,
   0.0
  ],
  [
   0.0,
   0.0,
   1.0,
   0.0
  ]
 ],
 "templeR0047": [
  [
   0.9999209260556874,
   -0.003938923868438304,
   -0.011942634328128516,
   0.23278936594966737
  ],
  [
   0.00336273889360883,
   0.9988470485897044,
   -0.0478880518581574,
   0.9711977691884891
  ],
  [
   0.012117492441514105,
   0.04784410520006417,
   0.9987813113862989,
   0.05083310165683244
  ]
 ],
 "templeR0033": [
  [
   0.9998747325768952,
   0.009663652321365599,
   -0.012535269366630653,
   0.24657720615139608
  ],
  [
   -0.008566563394665515,
   0.9963611232839378,
   0.08480050707380761,
   -1.7230496997389875
  ],
  [
   0.013309137683839642,
   -0.08468250015311003,
   0.9963190959837772,
   0.06393897497229947
  ]
 ],
 "templeR0034": [
  [
   0.9997421407427161,
   0.020292251674942197,
   0.010191984356938443,
   -0.18937730965358127
  ],
  [
   -0.022002691752316596,
   0.9766312489352446,
   0.21379262185313352,
   -4.346541469004735
  ],
  [
   -0.00561547672275573,
   -0.21396174453659983,
   0.976825899685318,
   0.341807096852287
  ]
 ],
 "templeR0035": [
  [
   0.9993098217972345,
   0.03691880792125212,
   0.004108732317051115,
   -0.07193738193329308
  ],
  [
   -0.03621032840233842,
   0.9434631740138054,
   0.32949362876509586,
   -6.708097081528577
  ],
  [
   0.008288074358636774,
   -0.3294149979910898,
   0.9441488584550405,
   0.9956307674580563
  ]
 ],
 "templeR0046": [
  [
   0.9998212306171976,
   -0.01738414974192476,
   -0.007436272242376217,
   0.14400706887194353
  ],
  [
   0.015482656849910133,
   0.97847874019856,
   -0.2057659892117913,
   4.142831039805419
  ],
  [
   0.01085330106374685,
   0.20561407130152698,
   0.9785729709831712,
   0.5102747397558393
  ]
 ],
 "templeR0045": [
  [
   0.9992980390034424,
   -0.03459675607142346,
   -0.014369889116093822,
   0.2701614807831527
  ],
  [
   0.02734524125640668,
   0.9358133826078097,
   -0.35143356514817714,
   7.06973560716986
  ],
  [
   0.025605995870173096,
   0.3507939244078545,
   0.9361025347546246,
   1.382909816936579
  ]
 ],
 "templeR0036": [
  [
   0.9985791485466375,
   0.05241610378315856,
   0.009603965434426383,
   -0.18106326520949573
  ],
  [
   -0.051194067950501965,
   0.8935864988774761,
   0.4459622589755482,
   -9.082516082978634
  ],
  [
   0.014793630201944786,
   -0.44582027891078224,
   0.8950002387806165,
   1.9635202568757093
  ]
 ],
 "templeR0044": [
  [
   0.9988238799375091,
   -0.04784347724916909,
   -0.00786502074305755,
   0.13680035778385632
  ],
  [
   0.03812656996605216,
   0.8752333972147013,
   -0.48219587831361294,
   9.701672775330291
  ],
  [
   0.029953656357850803,
   0.48132889180343325,
   0.8760281253396347,
   2.6152050260099236
  ]
 ],
 "templeR0037": [
  [
   0.9975263339649674,
   0.06830136019166469,
   0.016617377722754182,
   -0.3268953136304446
  ],
  [
   -0.06574193590057248,
   0.8228040797850851,
   0.5645099150174991,
   -11.490133453043653
  ],
  [
   0.02488394885176432,
   -0.5642059645953662,
   0.8252590009230768,
   3.3027279703712886
  ]
 ],
 "templeR0038": [
  [
   0.9962961455704762,
   0.08114339725244647,
   0.028455920363681234,
   -0.5619295642653878
  ],
  [
   -0.07937935290183752,
   0.7406723721386963,
   0.6671606669186383,
   -13.585525225755074
  ],
  [
   0.03305916898982857,
   -0.6669484134719628,
   0.7443701398584803,
   4.933590779598161
  ]
 ],
 "templeR0043": [
  [
   0.99804222674435,
   -0.06252954867068426,
   -0.0013301045898817428,
   -0.0013661532893573841
  ],
  [
   0.04927869138102059,
   0.7992837845092388,
   -0.5989299144276924,
   12.048149688445658
  ],
  [
   0.03851394826492893,
   0.5976917996456278,
   0.8008003424233889,
   4.154087927679965
  ]
 ],
 "templeR0039": [
  [
   0.9950180517013758,
   0.08984200748826734,
   0.04321447071151216,
   -0.8591788086568796
  ],
  [
   -0.09120536429537118,
   0.6452861212731698,
   0.7584770287991434,
   -15.453250970555574
  ],
  [
   0.040257400712746735,
   -0.7586397270000471,
   0.6502654122011621,
   6.792299344704874
  ]
 ],
 "templeR0042": [
  [
   0.9970816339012272,
   -0.07585070355080162,
   0.00865367596503338,
   -0.20669654907306045
  ],
  [
   0.06004080237158896,
   0.7091034764076714,
   -0.7025434945945559,
   14.126696171360559
  ],
  [
   0.04715206662952518,
   0.7010127891254221,
   0.7115881899632409,
   5.975953053781248
  ]
 ],
 "templeR0013": [
  [
   -0.9956228976816779,
   0.09327425217511268,
   -0.005912655335183561,
   0.4893110770904766
  ],
  [
   -0.06725565236247755,
   -0.6710948242435779,
   0.7383145766533251,
   -15.267362880191476
  ],
  [
   0.06489778761434595,
   0.7354805576999671,
   0.6744305942112266,
   6.698132307953751
  ]
 ],
 "templeR0014": [
  [
   -0.9941194982961197,
   0.1065678517479253,
   -0.019228002530254664,
   0.761515441715142
  ],
  [
   -0.07626038544667571,
   -0.562902768557346,
   0.8229974646145634,
   -16.95979051160633
  ],
  [
   0.07688157593985517,
   0.8196241615059351,
   0.5677195233182466,
   8.861902920349392
  ]
 ],
 "templeR0015": [
  [
   -0.9920900501324703,
   0.12073617067852123,
   -0.034352722134345454,
   1.0725005768423919
  ],
  [
   -0.08409735165817477,
   -0.43610418088259983,
   0.8959580229345558,
   -18.405946973955498
  ],
  [
   0.09319317503033067,
   0.8917600128434802,
   0.44280821087821176,
   11.401910611476456
  ]
 ],
 "templeR0016": [
  [
   -0.9908974834635542,
   0.1232362715270896,
   -0.05417562778313438,
   1.474375863208667
  ],
  [
   -0.08986202709272237,
   -0.30587826804290885,
   0.9478202895200426,
   -19.423309200972795
  ],
  [
   0.1002346913617342,
   0.9440610713927208,
   0.3141682672206826,
   14.051116083157277
  ]
 ],
 "templeR0017": [
  [
   -0.9894904484095851,
   0.12717547394873088,
   -0.06881170926603797,
   1.764948791206412
  ],
  [
   -0.09260623411461517,
   -0.1918694190178516,
   0.9770415607582211,
   -20.003945743891556
  ],
  [
   0.11105286087853453,
   0.9731456853275707,
   0.20163019917419356,
   16.28816184087205
  ]
 ],
 "templeR0018": [
  [
   -0.990060845150705,
   0.113782168766092,
   -0.08266281491914189,
   2.0300717697225736
  ],
  [
   -0.09228818160571568,
   -0.08209647239912399,
   0.992342209500095,
   -20.311004679343768
  ],
  [
   0.10612452325161319,
   0.9901079674916794,
   0.09178125230194556,
   18.55948220618395
  ]
 ],
 "templeR0019": [
  [
   -0.9890759654912594,
   0.11303638305422935,
   -0.09461242304026717,
   2.266478646860661
  ],
  [
   -0.09548384529979902,
   -0.002308041673211525,
   0.9954283039126418,
   -20.4218845257929
  ],
  [
   0.11230124564891074,
   0.9935881687347391,
   0.013075977059124666,
   20.102188243628785
  ]
 ],
 "templeR0020": [
  [
   -0.9883507857127578,
   0.10948060632836824,
   -0.10572001333213679,
   2.487347597878581
  ],
  [
   -0.09842756425047398,
   0.07001245502159903,
   0.9926783319573199,
   -20.42645511698146
  ],
  [
   0.1160807433500197,
   0.9915201727548567,
   -0.05842095551671045,
   21.592477995814995
  ]
 ],
 "templeR0021": [
  [
   -0.9862579305076998,
   0.11522045587464436,
   -0.11840414291192783,
   2.7528447317056073
  ],
  [
   -0.09864174669667347,
   0.16424596350887122,
   0.981474945823719,
   -20.22854127255297
  ],
  [
   0.1325333932233624,
   0.979667040386213,
   -0.15062333704184028,
   23.43972804576688
  ]
 ],
 "templeR0022": [
  [
   -0.9798882906666743,
   0.1411606243536179,
   -0.14104118528444065,
   3.2392595216764106
  ],
  [
   -0.1006831001341101,
   0.26049208764899257,
   0.9602118441363108,
   -19.815099243026047
  ],
  [
   0.17228421622925272,
   0.9551008064096516,
   -0.24104065722177548,
   25.267887275334672
  ]
 ],
 "templeR0023": [
  [
   -0.9795764987061379,
   0.12754250969358827,
   -0.15544385289770923,
   3.5293628194147626
  ],
  [
   -0.09794596426810431,
   0.372479292866865,
   0.9228573911872793,
   -19.05080433801126
  ],
  [
   0.1756031641691429,
   0.9192345101259312,
   -0.3523796874499495,
   27.560528596448844
  ]
 ],
 "templeR0024": [
  [
   -0.9765965654717028,
   0.12544069490513196,
   -0.1747105617030398,
   3.9252180557144314
  ],
  [
   -0.09353149882655964,
   0.48378426263979313,
   0.8701750662650184,
   -17.96639427441858
  ],
  [
   0.1936775852702923,
   0.8661509217704438,
   -0.46072939311495986,
   29.78231113422906
  ]
 ],
 "templeR0025": [
  [
   -0.9757203309096433,
   0.11257366000544122,
   -0.18787497683980028,
   4.192829576866106
  ],
  [
   -0.08717810932126716,
   0.5872985106041826,
   0.8046616908348985,
   -16.619604574962516
  ],
  [
   0.20092240568126138,
   0.8015033565214109,
   -0.5632251382708042,
   31.86002697037311
  ]
 ],
 "templeR0026": [
  [
   -0.9748650722307054,
   0.10020992289080984,
   -0.19898759332892946,
   4.423117068266731
  ],
  [
   -0.07805897298477667,
   0.6829007488462238,
   0.7263286886539929,
   -15.014845373430417
  ],
  [
   0.20867411837883337,
   0.723605236699877,
   -0.6579138041866364,
   33.84716067435787
  ]
 ],
 "templeR0027": [
  [
   -0.9711447939529372,
   0.09069341901601906,
   -0.2205731010918872,
   4.857900407064849
  ],
  [
   -0.07338761642114709,
   0.7663521704634364,
   0.638215174202245,
   -13.206564020294625
  ],
  [
   0.22691859098392464,
   0.6359866779840315,
   -0.7375831468334306,
   35.392334649338146
  ]
 ],
 "templeR0028": [
  [
   -0.9699754932729742,
   0.0706513709195429,
   -0.23271425877466037,
   5.109099798550844
  ],
  [
   -0.06804249729557721,
   0.8398249757617399,
   0.5385761122149539,
   -11.164505722927087
  ],
  [
   0.23349038740734443,
   0.5382400894340578,
   -0.8098023494127352,
   36.88492560886431
  ]
 ],
 "templeR0029": [
  [
   -0.9679013187526654,
   0.05533472756907805,
   -0.245163425252845,
   5.363209321076308
  ],
  [
   -0.05846604776850366,
   0.8991289183852842,
   0.4337613507236902,
   -9.013526432833233
  ],
  [
   0.2444355915475127,
   0.4341719199213199,
   -0.8670328630084632,
   38.044317139061846
  ]
 ],
 "templeR0001": [
  [
   -0.9673625765207421,
   0.03672983429883823,
   -0.25072009257243655,
   5.473379269642952
  ],
  [
   -0.04873236920082743,
   0.9440024177715188,
   0.32631976868341955,
   -6.811464633704824
  ],
  [
   0.2486660446044564,
   0.32788771632055097,
   -0.9114026792515306,
   38.923594022098534
  ]
 ],
 "templeR0030": [
  [
   -0.9681784093026448,
   0.035439508105521114,
   -0.24773899375237507,
   5.418064700989193
  ],
  [
   -0.050277935145013344,
   0.9421948564268475,
   0.3312717642062891,
   -6.914982655266142
  ],
  [
   0.2451585140225696,
   0.3331859747768986,
   -0.9104308920583778,
   38.82505597627839
  ]
 ],
 "templeR0031": [
  [
   -0.9783293343197456,
   0.027662223652019972,
   -0.20519872073701934,
   4.557695345124053
  ],
  [
   -0.03325911489780988,
   0.9571719050951617,
   0.28760350375597526,
   -6.060091335252236
  ],
  [
   0.20436620289494517,
   0.2881956722074858,
   -0.9355093316665406,
   39.053847113359694
  ]
 ],
 "templeR0002": [
  [
   -0.9786399812673743,
   0.03332861961321406,
   -0.20286199786966286,
   4.500588088651873
  ],
  [
   -0.017651995174918604,
   0.9695042336928175,
   0.24443802469756792,
   -5.205433401918634
  ],
  [
   0.20482234773417196,
   0.2427977429186315,
   -0.948207288467179,
   39.22984350607344
  ]
 ],
 "templeR0003": [
  [
   -0.984703792915034,
   0.026260287203534384,
   -0.17224644418603752,
   3.8814088437892735
  ],
  [
   -0.0003419434756071985,
   0.9882839188561172,
   0.15262627167382833,
   -3.394447310212889
  ],
  [
   0.1742364005981682,
   0.15035056716348513,
   -0.9731579438406763,
   39.514757062440296
  ]
 ],
 "templeR0004": [
  [
   -0.977948265874382,
   0.02799424443240065,
   -0.20696258490835528,
   4.581420606400325
  ],
  [
   0.019814552081356025,
   0.998942391774127,
   0.041490739236633024,
   -1.195873789681883
  ],
  [
   0.2079052014719795,
   0.036474925568752765,
   -0.9774686731581987,
   39.98262618138631
  ]
 ],
 "templeR0005": [
  [
   -0.9816270170169593,
   0.018901927347397908,
   -0.18987131590880155,
   4.233377458321596
  ],
  [
   0.02675395042400784,
   0.998885800915722,
   -0.038876507889309506,
   0.3714052230345094
  ],
  [
   0.18892492053484092,
   -0.04324203824418438,
   -0.9810389903206663,
   39.99230825730426
  ]
 ],
 "templeR0012": [
  [
   -0.991688591990089,
   -0.1172365216271751,
   -0.053003155693558936,
   1.3873718740936603
  ],
  [
   0.10235862402080173,
   -0.4693049857992829,
   -0.8770835435649803,
   17.468203792947403
  ],
  [
   0.07795157859391236,
   -0.8752190744611862,
   0.4774045696199619,
   10.267822542954674
  ]
 ],
 "templeR0011": [
  [
   -0.9903978790124531,
   -0.11933238733590135,
   -0.06979844253526471,
   1.7292043293288142
  ],
  [
   0.10760440132484292,
   -0.34843225775551123,
   -0.931137076144495,
   18.58578473399561
  ],
  [
   0.08679478131291296,
   -0.9297068049057786,
   0.35792725915852264,
   12.605321324670673
  ]
 ],
 "templeR0010": [
  [
   -0.9887767178267841,
   -0.12346595542503552,
   -0.08412348147024884,
   2.01494855492624
  ],
  [
   0.11024792747794282,
   -0.22298744094551526,
   -0.9685669804754798,
   19.368824087622695
  ],
  [
   0.1008265677810686,
   -0.9669709194342678,
   0.23409665567439453,
   15.120297801818472
  ]
 ],
 "templeR0009": [
  [
   -0.9876747007397809,
   -0.1205282531879943,
   -0.09985802772954669,
   2.3294022268720718
  ],
  [
   0.11159733134935008,
   -0.09492693379194972,
   -0.9892092361460048,
   19.813319505715818
  ],
  [
   0.10974844488323074,
   -0.9881608256879593,
   0.10720756233308792,
   17.670041064684238
  ]
 ],
 "templeR0008": [
  [
   -0.9869154042244913,
   -0.11468331631300212,
   -0.11333896886711557,
   2.598194042510096
  ],
  [
   0.10920023116919696,
   0.04176959662120594,
   -0.9931417876168016,
   19.910179743596522
  ],
  [
   0.11863091678396083,
   -0.9925235703788371,
   -0.028699613681081093,
   20.382380949283984
  ]
 ],
 "templeR0007": [
  [
   -0.9834462100645518,
   -0.11898851593757721,
   -0.13665754638746563,
   3.072297351305907
  ],
  [
   0.11375542767407822,
   0.18161688737131243,
   -0.9767676330101462,
   19.585094622629605
  ],
  [
   0.1410434492784296,
   -0.9761439644317478,
   -0.16507485005025468,
   23.17490711840874
  ]
 ],
 "templeR0006": [
  [
   -0.9805716371887814,
   -0.11351302612315149,
   -0.15998142780109703,
   3.5465383886785515
  ],
  [
   0.11664139540343728,
   0.3183118291756567,
   -0.9407828465087925,
   18.8639692372547
  ],
  [
   0.15771508874946588,
   -0.9411654330176028,
   -0.2988872337078584,
   25.87733741247044
  ]
 ],
 "templeR0040": [
  [
   0.9818633495197161,
   0.08860155642002863,
   0.1676130277450787,
   -3.37498505000032
  ],
  [
   -0.12548423658507493,
   -0.3590186064600587,
   0.9248563924113509,
   -18.964923290129963
  ],
  [
   0.14211991147824776,
   -0.9291153881060339,
   -0.34138911281115725,
   26.673514158945245
  ]
 ],
 "templeR0041": [
  [
   0.9780736358082088,
   0.08845948052479198,
   0.18853881097056643,
   -3.801219939065246
  ],
  [
   -0.12531694664390763,
   -0.4730789252301889,
   0.8720619206151002,
   -17.905473077801375
  ],
  [
   0.16633588254119744,
   -0.8765678814606049,
   -0.45162055242305754,
   28.916137423591902
  ]
 ]
}